('D = ', [0.38070545351161267, -0.8757168640680328, -0.015825754322050578, 0.021407161003677958, 0.0])
('K = ', [418.4025554769003, 0.0, 184.6762840918043, 0.0, 418.96611049149317, 127.4888006251726, 0.0, 0.0, 1.0])
('R = ', [1.0, 0.0, 0.0, 0.0, 1.0, 0.0, 0.0, 0.0, 1.0])
('P = ', [434.0529479980469, 0.0, 188.23973231917353, 0.0, 0.0, 439.4068603515625, 124.84763978784758, 0.0, 0.0, 0.0, 1.0, 0.0])
None
# oST version 5.0 parameters


[image]

width
320

height
240

[narrow_stereo]

camera matrix
418.402555 0.000000 184.676284
0.000000 418.966110 127.488801
0.000000 0.000000 1.000000

distortion
0.380705 -0.875717 -0.015826 0.021407 0.000000

rectification
1.000000 0.000000 0.000000
0.000000 1.000000 0.000000
0.000000 0.000000 1.000000

projection
434.052948 0.000000 188.239732 0.000000
0.000000 439.406860 124.847640 0.000000
0.000000 0.000000 1.000000 0.000000


('D = ', [0.38070545351161267, -0.8757168640680328, -0.015825754322050578, 0.021407161003677958, 0.0])
('K = ', [418.4025554769003, 0.0, 184.6762840918043, 0.0, 418.96611049149317, 127.4888006251726, 0.0, 0.0, 1.0])
('R = ', [1.0, 0.0, 0.0, 0.0, 1.0, 0.0, 0.0, 0.0, 1.0])
('P = ', [434.0529479980469, 0.0, 188.23973231917353, 0.0, 0.0, 439.4068603515625, 124.84763978784758, 0.0, 0.0, 0.0, 1.0, 0.0])
None
# oST version 5.0 parameters


[image]

width
320

height
240

[narrow_stereo]

camera matrix
418.402555 0.000000 184.676284
0.000000 418.966110 127.488801
0.000000 0.000000 1.000000

distortion
0.380705 -0.875717 -0.015826 0.021407 0.000000

rectification
1.000000 0.000000 0.000000
0.000000 1.000000 0.000000
0.000000 0.000000 1.000000

projection
434.052948 0.000000 188.239732 0.000000
0.000000 439.406860 124.847640 0.000000
0.000000 0.000000 1.000000 0.000000

