image_width: 320
image_height: 240
camera_name: narrow_stereo
camera_matrix:
  rows: 3
  cols: 3
  data: [376.633597, 0.000000, 168.209026, 0.000000, 374.541352, 121.215079, 0.000000, 0.000000, 1.000000]
distortion_model: plumb_bob
distortion_coefficients:
  rows: 1
  cols: 5
  data: [0.184000, -0.664683, 0.001397, -0.011907, 0.000000]
rectification_matrix:
  rows: 3
  cols: 3
  data: [1.000000, 0.000000, 0.000000, 0.000000, 1.000000, 0.000000, 0.000000, 0.000000, 1.000000]
projection_matrix:
  rows: 3
  cols: 4
  data: [380.243958, 0.000000, 165.430158, 0.000000, 0.000000, 379.704315, 120.896257, 0.000000, 0.000000, 0.000000, 1.000000, 0.000000]
