# oST version 5.0 parameters


[image]

width
320

height
240

[narrow_stereo]

camera matrix
376.633597 0.000000 168.209026
0.000000 374.541352 121.215079
0.000000 0.000000 1.000000

distortion
0.184000 -0.664683 0.001397 -0.011907 0.000000

rectification
1.000000 0.000000 0.000000
0.000000 1.000000 0.000000
0.000000 0.000000 1.000000

projection
380.243958 0.000000 165.430158 0.000000
0.000000 379.704315 120.896257 0.000000
0.000000 0.000000 1.000000 0.000000

