image_width: 320
image_height: 240
camera_name: head_camera
camera_matrix:
  rows: 3
  cols: 3
  data: [383.5418764301305, 0, 184.0721203838476, 0, 388.4195351789998, 134.9610790759355, 0, 0, 1]
distortion_model: plumb_bob
distortion_coefficients:
  rows: 1
  cols: 5
  data: [0.03445054466374894, -0.03009674678060313, 0.0009154048245936906, 0.01880820850831156, 0]
rectification_matrix:
  rows: 3
  cols: 3
  data: [0.9773512002432719, -0.01638593452178388, 0.2109884654024569, 0.01687186671742539, 0.9998575333754567, -0.0005030564747469581, -0.2109501635375175, 0.00405143211656848, 0.9774884216200719]
projection_matrix:
  rows: 3
  cols: 4
  data: [432.6128940371659, 0, 105.8109865188599, 0, 0, 432.6128940371659, 138.2419347763062, 0, 0, 0, 1, 0]