image_width: 320
image_height: 240
camera_name: head_camera
camera_matrix:
  rows: 3
  cols: 3
  data: [371.1629660454788, 0, 179.3407545088363, 0, 373.4874877278923, 143.1098315119631, 0, 0, 1]
distortion_model: plumb_bob
distortion_coefficients:
  rows: 1
  cols: 5
  data: [0.06198660211625798, -0.1055831070024385, -0.004135971767251208, 0.01385776998555811, 0]
rectification_matrix:
  rows: 3
  cols: 3
  data: [0.9894436333776642, -0.003254144872135548, 0.1448816997055105, 0.00292144194109347, 0.9999925848398981, 0.002509071980600814, -0.1448887902682309, -0.002059321822875153, 0.9894458032900226]
projection_matrix:
  rows: 3
  cols: 4
  data: [432.6128940371659, 0, 105.8109865188599, -49.90818617033045, 0, 432.6128940371659, 138.2419347763062, 0, 0, 0, 1, 0]