image_width: 640
image_height: 480
camera_name: logitech-left
camera_matrix:
  rows: 3
  cols: 3
  data: [715.7554612768654, 0, 348.8428792301982, 0, 717.5390395271575, 243.4462466383701, 0, 0, 1]
distortion_model: plumb_bob
distortion_coefficients:
  rows: 1
  cols: 5
  data: [0.1515390408134837, -0.1843912334068073, -0.003257880716073564, 0.00288971406868053, 0]
rectification_matrix:
  rows: 3
  cols: 3
  data: [0.9999710355845564, 0.004400846314616244, -0.006209713654023235, -0.004466702130984012, 0.999933506829253, -0.01063157994962755, 0.00616251280103311, 0.01065900895334032, 0.9999242016093569]
projection_matrix:
  rows: 3
  cols: 4
  data: [685.5279510050128, 0, 342.5348205566406, 0, 0, 685.5279510050128, 255.6876258850098, 0, 0, 0, 1, 0]