# oST version 5.0 parameters


[image]

width
640

height
480

[narrow_stereo/left]

camera matrix
740.772541 0.000000 357.690154
0.000000 744.685142 259.496893
0.000000 0.000000 1.000000

distortion
0.138994 0.034456 0.015170 0.012206 0.000000

rectification
0.996973 -0.055349 0.054603
0.056213 0.998315 -0.014427
-0.053713 0.017453 0.998404

projection
909.583854 0.000000 293.883188 0.000000
0.000000 909.583854 268.731705 0.000000
0.000000 0.000000 1.000000 0.000000

# oST version 5.0 parameters


[image]

width
640

height
480

[narrow_stereo/right]

camera matrix
739.150992 0.000000 284.879821
0.000000 742.168325 277.162490
0.000000 0.000000 1.000000

distortion
0.048407 0.149607 0.002460 -0.011187 0.000000

rectification
0.998126 -0.061092 0.003454
0.061029 0.998007 0.016065
-0.004428 -0.015824 0.999865

projection
909.583854 0.000000 293.883188 -129.195490
0.000000 909.583854 268.731705 0.000000
0.000000 0.000000 1.000000 0.000000

