image_width: 640
image_height: 480
camera_name: logitech-right
camera_matrix:
  rows: 3
  cols: 3
  data: [717.4574382874648, 0, 306.7532147112452, 0, 720.3398604335075, 272.7599548222632, 0, 0, 1]
distortion_model: plumb_bob
distortion_coefficients:
  rows: 1
  cols: 5
  data: [0.02782019074011026, 0.0795448543366144, -0.006396785545143562, 0.001151574900993518, 0]
rectification_matrix:
  rows: 3
  cols: 3
  data: [0.9994376002416948, 0.02120435618064143, -0.02597803884219698, -0.02092656956335469, 0.9997213908648414, 0.01091876062458855, 0.026202326412597, -0.0103689886793015, 0.9996028822309069]
projection_matrix:
  rows: 3
  cols: 4
  data: [685.5279510050128, 0, 342.5348205566406, -95.69516936079637, 0, 685.5279510050128, 255.6876258850098, 0, 0, 0, 1, 0]