# oST version 5.0 parameters


[image]

width
320

height
240

[narrow_stereo]

camera matrix
418.402555 0.000000 184.676284
0.000000 418.966110 127.488801
0.000000 0.000000 1.000000

distortion
0.380705 -0.875717 -0.015826 0.021407 0.000000

rectification
1.000000 0.000000 0.000000
0.000000 1.000000 0.000000
0.000000 0.000000 1.000000

projection
434.052948 0.000000 188.239732 0.000000
0.000000 439.406860 124.847640 0.000000
0.000000 0.000000 1.000000 0.000000

