# oST version 5.0 parameters


[image]

width
1920

height
1080

[narrow_stereo/left]

camera matrix
1685.129347 0.000000 916.141590
0.000000 1697.021690 608.686943
0.000000 0.000000 1.000000

distortion
0.077168 -0.068206 -0.002866 0.001545 0.000000

rectification
0.998893 -0.032802 0.033726
0.031557 0.998824 0.036809
-0.034894 -0.035704 0.998753

projection
2208.681996 0.000000 894.622452 0.000000
0.000000 2208.681996 571.904362 0.000000
0.000000 0.000000 1.000000 0.000000

# oST version 5.0 parameters


[image]

width
1920

height
1080

[narrow_stereo/right]

camera matrix
1669.796029 0.000000 1035.505248
0.000000 1683.325857 540.283809
0.000000 0.000000 1.000000

distortion
0.119487 -0.165609 0.000359 0.007841 0.000000

rectification
0.996583 -0.068006 0.046869
0.069662 0.996968 -0.034662
-0.044370 0.037809 0.998299

projection
2208.681996 0.000000 894.622452 310.572151
0.000000 2208.681996 571.904362 0.000000
0.000000 0.000000 1.000000 0.000000

